1.единственное решение

2 3 -1 9
1 -2 1 3
1 0 2 2

2. бесконечное число решений

3 -5 2 4 2
7 -4 1 3 5
5 7 -4 -6 3

3.единственное решение

2 1 4
1 -1 -1
4 -1 2

4.бесконечное число решений

1 2 -1 1 1 1
2 4 -4 3 1 0
1 2 1 2 3 2

5.единственное решение

1         2         3         4   10   
1         2         3         5   10   
2         2         2         2   8   
1         9         8         7   25

6.единственное решение

4.4 -2.5 19.2 -10.8 4.3
5.5 -9.3 -14.2 13.2 6.8
7.1 -11.5 5.3 -6.7 -1.8
14.2 23.4 -8.8 5.3 7.2

7.нет решений

4 -3 2 -1 8
3 -2 1 -3 7
5 -3 1 -8 1

8.нет решений

7 -2 -1 2
6 -4 -5 3
1 2 4 5



9. 

1 2 3 4 10
1 2 3 5 11
1 2 3 6 12
1 2 3 7 13


10.


1 2 3 4 10
1 2 3 5 10
1 2 3 6 12
1 2 3 7 13



